404
689
698
699
699
671
291
0
0
0
0
12
258
508
705
712
710
684
457
90
0
0
0
22
211
546
682
683
684
683
681
637
377
83
0
0
0
0
85
503
653
680
682
680
551
383
260
125
53
85
115
234
354
432
510
575
557
503
428
332
252
197
216
214
248
325
367
449
496
516
490
399
295
170
117
150
167
237
337
441
546
590
582
517
430
365
240
168
161
155
209
281
370
427
527
456
371
315
280
313
329
378
411
473
445
419
307
249
219
264
280
305
366
388
419
418
394
380
332
303
289
322
313
366
407
421
424
361
333
302
341
306
276
300
380
403
427
389
382
344
315
307
279
270
272
330
332
381
404
447
428
394
363
269
229
325
305
336
398
418
471
475
506
354
217
178
175
238
323
397
435
479
464
450
407
397
335
296
269
258
270
271
334
344
414
463
458
498
386
329
327
279
265
314
327
301
310
335
366
464
432
366
330
342
321
334
477
404
376
363
381
333
281
259
286
336
394
372
371
423
396
358
354
357
355
310
319
324
363
403
449
403
285
232
226
232
268
330
417
424
463
441
447
406
347
280
255
253
246
275
308
353
406
456
458
434
474
379
295
243
239
228
294
314
355
395
386
391
306
294
307
302
354
370
422
450
456
447
387
337
272
264
230
236
293
302
459
431
425
421
391
369
336
324
285
289
286
304
313
358
344
373
365
425
420
390
344
338
314
305
335
291
261
287
291
347
360
390
413
496
445
388
321
282
239
231
262
325
341
385
400
434
460
486
490
387
294
234
173
184
190
258
322
405
490
507
505
455
365
291
227
226
201
226
297
339
395
432
493
478
445
408
304
249
191
190
219
272
361
391
451
509
498
443
370
281
242
193
212
240
318
386
417
467
509
485
417
327
253
205
223
240
251
307
375
427
470
489
500
392
304
268
212
224
229
289
328
415
451
455
453
431
365
324
252
240
234
260
322
336
501
443
465
478
475
387
297
247
201
213
216
271
327
370
381
221
315
341
394
455
508
495
467
410
370
297
258
236
210
243
302
342
385
390
432
430
418
430
380
359
305
293
283
364
349
323
325
350
352
361
350
367
340
328
351
343
372
349
344
315
309
332
308
324
365
377
407
387
395
374
451
361
301
272
277
279
299
331
383
375
393
388
385
375
439
367
304
277
280
281
305
321
375
373
385
406
394
388
361
366
310
388
290
271
307
316
355
381
395
445
432
428
491
425
342
269
231
207
218
383
328
355
415
414
434
425
404
407
340
284
253
238
249
289
348
355
389
424
430
440
351
318
300
290
324
305
320
359
352
382
372
389
393
381
400
360
333
330
299
306
278
293
306
461
401
390
361
352
325
327
307
324
315
325
364
364
392
383
398
362
363
330
290
297
320
347
371
408
432
411
411
405
375
324
246
229
210
243
295
328
395
410
442
444
513
438
386
328
297
258
248
253
308
317
310
319
347
451
530
617
603
468
334
134
167
84
93
171
282
408
495
545
590
524
