70
511
674
714
735
685
679
673
66
6
338
121
72
466
609
5
96
576
568
559
556
550
5
43
530
532
263
380
463
468
484
514
44
8
446
442
437
435
432
43
6
440
4
28
389
372
358
34
9
332
346
342
347
343
3
38
326
314
309
387
326
317
312
328
332
342
3
46
392
395
369
35
5
359
3
69
378
381
397
40
0
414
430
433
430
428
474
473
474
480
494
507
528
549
590
596
589
580
580
581
589
60
9
615
6
17
628
636
638
639
629
6
33
698
656
647
660
667
671
675
693
701
722
703
665
651
649
64
4
626
638
629
616
615
6
17
607
581
574
60
5
586
5
53
556
552
549
540
548
552
562
539
514
491
4
85
479
466
464
45
9
444
4
38
442
433
422
388
414
477
388
395
394
398
401
409
425
429
442
421
399
385
387
378
3
79
391
385
373
37
3
372
3
87
393
400
381
389
436
423
415
430
444
453
474
499
529
534
537
529
525
530
547
558
5
71
576
589
596
600
610
6
24
628
647
637
630
648
711
648
657
664
670
694
688
703
724
720
697
671
671
668
650
65
3
645
638
628
621
619
6
18
612
596
580
569
642
545
537
527
519
518
515
521
522
519
49
0
458
4
54
448
433
423
41
1
406
3
96
392
389
371
37
2
380
377
352
349
365
401
351
351
359
357
360
370
380
396
398
379
3
62
355
360
368
38
2
377
3
83
386
387
396
412
430
441
425
433
457
512
460
474
491
498
516
535
568
564
572
560
5
44
543
556
553
560
560
5
66
568
572
582
578
598
603
590
591
592
676
598
604
601
610
61
1
622
633
648
647
620
60
0
578
579
577
577
554
5
52
544
536
532
532
525
502
491
509
547
471
475
479
476
477
48
5
495
5
3
490
471
447
43
5
439
4
38
433
434
424
426
419
419
426
431
415
401
417
503
414
415
427
430
444
456
472
488
5
2
481
460
459
46
9
473
4
83
487
489
497
499
498
510
529
529
524
527
541
579
532
536
548
555
567
577
594
610
61
4
589
576
571
569
571
5
75
566
574
580
568
574
577
577
557
551
567
594
540
534
529
53
2
527
5
16
516
535
516
47
5
44
437
433
420
410
410
403
397
384
385
401
400
396
388
403
441
426
416
426
437
45
2
474
4
99
525
542
550
53
2
525
5
25
543
545
563
568
569
575
582
595
620
627
623
614
621
662
64
0
638
649
642
654
664
6
80
698
703
694
66
3
655
6
47
646
639
635
635
620
6
20
605
605
607
594
575
565
604
573
54
3
543
549
537
539
542
55
7
555
529
498
481
473
4
66
458
450
442
432
420
419
415
406
405
389
370
370
444
364
35
5
359
3
61
370
373
397
40
7
407
383
360
356
351
360
368
364
366
366
374
387
396
411
408
415
420
513
424
439
44
1
456
4
56
477
492
514
52
5
506
4
90
488
492
500
504
512
515
515
520
525
532
548
565
570
554
55
8
584
625
582
583
589
6
0
606
619
633
650
653
626
605
603
602
601
603
600
596
592
589
584
599
596
569
551
54
9
608
543
524
520
513
51
2
510
513
516
521
496
463
445
431
426
428
422
414
407
406
402
407
412
393
389
396
47
3
399
4
6
419
429
436
45
0
468
484
488
472
460
459
466
483
486
498
502
511
525
537
542
531
5
33
554
612
570
572
582
5
97
615
633
654
67
4
682
6
63
647
645
648
656
663
667
666
669
68
2
686
671
660
662
751
666
664
662
663
663
667
7
685
685
652
627
603
5
94
590
571
557
546
514
535
525
515
492
458
454
522
424
420
42
4
423
4
7
407
403
422
40
0
388
354
342
330
327
322
320
294
296
304
316
302
293
289
