542
535
521
511
506
513
520
504
505
508
505
504
510
513
513
513
515
517
509
503
500
501
508
514
519
517
518
521
556
532
513
514
517
521
518
513
512
511
511
507
511
506
511
515
509
505
512
521
518
513
512
511
511
507
511
506
511
515
509
505
512
521
518
510
521
517
509
503
500
501
508
514
519
517
518
521
556
532
513
514
517
521
518
513
512
511
511
507
511
506
511
515
509
505
512
512
511
511
507
511
506
511
515
509
505
512
521
518
510
521
527
507
507
508
503
502
506
515
524
524
520
512
509
511
514
514
510
505
512
522
528
512
512
512
516
515
517
517
520
535
543
542
532
524
531
534
537
542
543
546
557
557
539
527
531
534
531
524
519
528
530
528
535
534
523
517
521
532
554
572
575
558
550
544
534
524
512
510
515
516
518
511
506
504
503
507
513
508
505
505
510
522
514
518
513
508
531
570
614
649
684
696
641
562
533
529
519
511
531
539
521
524
527
529
520
522
534
542
531
523
525
528
525
526
542
535
528
529
531
531
538
532
527
532
534
533
529
542
535
521
511
506
513
520
504
505
508
505
504
510
513
513
513
515
517
509
503
500
501
508
514
519
517
518
521
556
532
513
514
517
521
518
513
512
511
511
507
511
506
511
515
509
505
512
521
518
513
512
511
511
507
511
506
511
515
509
505
512
521
518
510
521
517
509
503
500
501
508
514
519
517
518
521
556
532
513
514
517
521
518
513
512
511
511
507
511
506
511
515
509
505
512
512
511
511
507
511
506
511
515
509
505
512
521
518
510
521
527
507
507
508
503
502
506
515
524
524
520
512
509
511
514
514
510
505
512
522
528
512
512
512
516
515
517
517
520
535
543
542
532
524
531
534
537
542
543
546
557
557
539
527
531
534
531
524
519
528
530
528
535
534
523
517
521
532
554
572
575
558
550
544
534
524
512
510
515
516
518
511
506
504
503
507
513
508
505
505
510
522
514
518
513
508
531
570
614
649
684
696
641
562
533
529
519
511
531
539
521
524
527
529
520
522
534
542
531
523
525
528
525
526
542
535
528
529
531
531
538
532
527
532
534
533
529
535
521
511
506
513
520
504
505
508
505
504
510
513
513
513
515
517
509
503
500
501
508
514
519
517
518
521
556
532
513
514
517
521
518
513
512
511
511
507
511
506
511
515
509
505
512
521
518
513
512
511
511
507
511
506
511
515
509
505
512
521
518
510
521
517
509
503
500
501
508
514
519
517
518
521
556
532
513
514
517
521
518
513
512
511
511
507
511
506
511
515
509
505
512
512
511
511
507
511
506
511
515
509
505
512
521
518
510
521
527
507
507
508
503
502
506
515
524
524
520
512
509
511
514
514
510
505
512
522
528
512
512
512
516
515
517
517
520
535
543
542
532
524
531
534
537
542
543
546
557
557
539
527
531
534
531
524
519
528
530
528
535
534
523
517
521
532
554
572
575
558
550
544
534
524
512
510
515
516
518
511
506
504
503
507
513
508
505
505
510
522
514
518
513
508
531
570
614
649
684
696
641
562
533
529
519
511
531
539
521
524
527
529
520
522
534
542
531
523
525
528
525
526
542
535
528
529
531
531
538
532
527
532
534
533
529
535
521
511
506
513
520
504
505
508
505
504
510
513
513
513
515
517
509
503
500
501
508
514
519
517
518
521
556
532
513
514
517
521
518
513
512
511
511
507
511
506
511
515
509
505
512
521
518
513
512
511
511
507
511
506
511
515
509
505
512
521
518
510
521
517
509
503
500
501
508
514
519
517
518
521
556
532
513
514
517
521
518
513
512
511
511
507
511
506
511
515
509
505
512
512
511
511
507
511
506
511
515
509
505
512
521
518
510
521
527
507
507
508
503
502
506
515
524
524
520
512
509
511
514
514
510
505
512
522
528
512
512
512
516
515
517
517
520
535
543
542
532
524
531
534
537
542
543
546
557
557
539
527
531
534
531
524
519
528
530
528
535
534
523
517
521
532
554
572
575
558
550
544
534
524
512
510
515
516
518
511
506
504
503
507
513
508
505
505
510
522
514
518
513
508
531
570
614
649
684
696
641
562
533
529
519
511
531
539
521
524
527
529
520
522
534
542
531
523
525
528
525
526
542
535
528
529
531
531
538
532
527
532
534
533
529