679
687
694
704
713
719
717
709
693
668
639
611
583
562
543
528
516
501
490
478
478
485
489
486
490
496
496
496
499
493
492
489
488
490
495
503
503
495
493
491
504
522
509
491
484
488
494
495
502
506
508
515
513
515
509
506
510
516
524
519
525
534
540
533
535
532
534
520
511
511
509
517
517
506
497
498
494
497
496
493
492
496
496
491
486
489
508
497
485
485
484
496
501
496
496
492
495
491
492
496
491
485
496
504
501
495
493
495
494
497
498
500
488
487
490
492
495
493
491
496
505
505
499
494
490
482
492
508
525
509
490
482
490
499
498
500
504
501
502
519
508
491
493
494
497
506
529
532
539
558
537
534
552
548
519
512
546
546
486
476
487
500
515
515
493
492
496
481
481
513
505
521
518
539
526
483
481
511
525
567
621
671
733
727
648
554
491
462
475
454
471
478
443
458
535
505
443
492
481
429
458
470
458
457
446
443
484
489
476
476
495
506
535
471
450
539
540
474
470
464
501
549
536
500
515
495
543
559
542
548
524
519
558
552
549
551
558
557
556
565
546
517
534
538
520
507
506
511
519
510
496
505
519
502
502
504
510
522
531
505
516
517
516
501
494
516
511
502
499
501
502
483
518
525
506
511
505
505
506
499
497
505
507
510
501
499
488
495
498
503
516
512
499
498
500
498
504
504
497
486
478
514
516
491
504
488
501
500
496
479
503
518
507
495
494
505
517
520
521
521
525
532
538
535
522
516
503
504
501
493
478
495
505
490
475
468
483
487
477
484
478
481
500
499
489
487
487
497
514
549
582
649
737
726
626
539
504
492
470
453
427
486
521
507
483
479
487
473
487
494
485
439
494
522
499
482
488
492
490
483
486
486
485
501
502
483
481
513
515
496
490
506
503
499
486
493
518
528
524
504
517
538
532
526
518
524
536
527
518
506
504
498
498
484
490
509
500
496
489
488
500
495
483
496
501
492
488
487
494
485
480
489
499
502
495
494
505
491
498
512
504
494
495
484
504
523
504
492
502
507
500
496
498
499
500
496
476
508
526
509
502
514
536
523
526
552
551
540
534
522
515
511
491
520
526
510
488
490
506
503
496
456
495
533
523
505
496
499
502
498
505
492
507
535
563
614
665
706
722
667
568
525
537
518
488
471
471
493
505
500
494
475
478
503
517
505
496
501
493
497
509
509
504
495
491
488
497
492
513
526
517
506
496
491
503
508
520
514
509
509
506
501
501
521
539
537
530
528
523
500
523
545
531
518
519
514
505
494
487
507
521
514
503
500
496
485
452
493
545
526
506
496
497
495
493
493
489
507
524
512
503
499
499
492
488
485
518
519
507
501
501
490
460
488
530
536
515
503
487
492
504
503
503
503
500
474
493
523
518
503
494
486
496
545
549
538
539
536
526
538
543
531
524
525
509
479
511
518
500
491
484
466
495
502
495
488
481
469
492
508
502
499
489
477
499
511
534
581
626
676
719
708
616
535
496
477
458
481
491
483
486
491
482
489
495
493
483
483
482
492
510
497
502
501
482
485
504
507
497
487
504
504
489
490
499
508
510
491
498
512
497
495
520
523
521
522
515
521
533
530
522
516
532
565
549
516
508
516
520
512
506
501
496
488
482
505
493
504
495
481
497
505
509
493
485
494
488
506
508
492
497
504
488
480
518
522
502
493
500
504
501
500
491
485
485
527
519
501
502
502
503
503
500
495
500
487
479
512
525
509
501
522
538
537
532
532
526
528
534
524
522
500
494
520
520
504
480
473
503
509
499
487
478
488
496
494
493
492
479
480
516
513
503
509
534
586
652
702
697
659
587
537
505
481
455
455
490
508
499
491
487
476
471
486
498
497
491
487
487
480
478
452
515
531
508
493
491
494
485
483
477
513
523
510
503
501
501
504
503
487
488
535
542
524
517
515
514
510
502
542
550
541
529
517
508
500
499
513
505
489
506
505
490
476
496
504
503
500
486
490
499
499
473
493
520
516
505
499
496
478
467
523
525
508
499
497
497
490
458
490
528
520
503
496
495
496
501
484
445
487
537
520
497
490
491
490
487
485
468
509
524
504
494
491
492
474
479
538
545
532
524
521
518
531
518
513
541
534
511
494
485
490
499
511
505
491
489
486
473
484
497
495
490
484
472
472
498
509
500
501
516
558
616
683
731
696
624
543
507
495
476
468
474
487
491
474
468
510
507
500
490
483
494
500
498
496
495
498
494
488
493
499
500
495
492
488
484
486
516
531
516
500
500
501
506
513
517
520
518
518
516
510
513
515
527
553
546
527
512
510
501
508
531
519
504
500
500
501
497
494
494
495
492
490
494
491
481
475
493
509
505
496
494
491
477
484
514
506
496
500
494
495
494
490
487
492
497
508
503
492
487
480
484
495
500
499
492
480
496
511
501
497
489
490
496
503
502
497
493
483
494
525
532
511
494
510
538
539
545
537
518
511
507
498
502
512
498
489
491
475
466
503
511
498
479
482
493
485
482
495
492
497
502
494
510
542
588
648
714
722
657
554
517
529
503
470
460
469
476
483
490
482
491
499
497
488
484
484
475
482
486
499
493
483
484
497
498
490
488
483
481
485
493
497
491
496
486
492
507
509
499
501
507
499
508
514
521
521
515
503
501
530
537
522
501
509
511
507
504
502
491
485
498
503
503
497
487
483
476
478
504
509
504
492
481
490
495
510
512
503
501
501
493
485
484
512
521
509
506
504
497
490
492
494
510
530
532
536
529
528
536
546
541
542
538
530
526
520
504
486
496
515
507
497
494
480
472
484
502
496
512
505
494
491
493
489
484
476
498
520
536
560
605
658
706
714
641
557
515
521
505
477
467
473
476
478
475
498
506
496
488
475
471
494
502
494
499
498
485
462
474
518
518
501
491
478
485
509
503
493
494
508
509
502
511
513
514
513
505
503
524
535
534
530
531
519
501
527
544
534
515
497
514
519
515
509
501
500
500
496
485
496
508
504
498
491
490
499
508
514
504
472
493
514
518
513
505
500
497
493
496
512
508
490
511
520
513
502
496
499
508
514
510
506
501
486
487
518
521
517
514
514
503
538
566
556
542
536
536
523
532
536
528
518
511
496
486
493
500
500
489
484
503
499
492
490
488
488
502
500
494
501
500
497
515
557
606
652
702
723
673
596
530
495
472
459
462
498
509
496
503
496
495
494
495
506
501
495
493
508
507
497
506
511
510
502
492
490
510
519
516
505
499
508
510
527
530
513
506
516
536
540
520
515
538
538
532
535
541
536
546
541
521
522
540
538
525
522
516
508
517
507
485
507
516
508
496
483
496
514
516
508
503
502
497
476
494
528
523
505
506
497
509
522
514
507
507
508
506
503
496
498
512
515
523
512
512
515
511
515
511
500
504
508
510
514
514
523
546
541
532
553
556
548
541
531
525
514
513
508
504
496
495
489
489
491
476
482
485
499
513
505
490
486
483
507
509
499
499
528
560
604
680
734
713
617
530
491
455
474
490
486
485
487
486
475
465
486
519
507
494
486
483
481
485
493
505
499
484
479
480
484
497
509
507
495
482
476
494
512
515
508
502
485
495
509
508
509
508
516
521
520
518
518
515
497
507
534
531
513
511
507
498
493
488
481
493
510
505
497
486
477
483
495
498
496
494
472
450
504
523
510
496
491
494
494
481
462
506
519
506
497
493
488
481
484
521
532
521
521
526
526
523
505
502
566
566
531
514
510
496
489
502
513
500
489
487
486
487
495
496
491
470
460
498
523
516
503
496
496
496
495
504
533
562
614
691
711
717
636
553
513
489
471
461
463
489
479
474
497
490
482
476
478
499
502
500
498
493
485
481
496
502
501
496
494
504
497
493
498
496
507
508
501
491
506
517
516
501
496
514
523
517
510
517
533
526
520
527
521
527
536
525
508
503
515
517
504
508
504
490
505
508
503
494
503
505
502
511
504
500
504
514
516
502
501
513
515
515
503
504
514
508
504
506
502
495
515
517
510
512
508
514
513
513
529
541
546
544
536
531
530
539
537
526
512
518
519
505
503
503
497
493
493
489
498
498
492
493
500
496
494
496
502
503
503
504
502
529
581
629
678
731
724
635
554
522
500
466
448
491
506
503
501
491
488
497
501
500
493
497
494
486
496
508
502
507
504
497
508
504
499
498
481
502
515
510
505
508
500
497
492
502
520
534
526
511
523
536
524
507
525
530
517
522
534
529
531
520
509
507
517
506
501
506
497
490
502
495
492
507
503
498
493
490
501
505
504
497
502
502
487
481
505
517
507
502
497
482
496
515
508
502
503
510
485
491
492
497
518
507
498
498
504
508
503
508
513
506
494
499
505
505
501
492
505
518
526
518
528
549
534
520
547
555
547
540
530
514
507
505
512
513
509
500
493
480
483
505
497
490
492
489
487
503
507
504
499
498
496
498
501
535
591
633
693
741
701
599
529
490
460
478
490
491
481
479
494
487
474
493
503
498
480
483
497
499
483
488
501
492
501
504
486
508
513
502
502
493
495
508
506
503
504
498
509
515
498
509
523
510
509
518
530
527
520
530
536
522
523
530
522
512
521
509
494
488
497
493
501
496
491
497
492
505
503
495
501
509
501
496
496
498
498
494
498
504
505
491
482
485
505
506
496
488
493
477
494
510
506
497
484
470
500
511
503
497
488
474
469
507
516
507
498
492
484
485
506
511
508
507
494
497
495
497
500
496
485
488
497
496
506
510
503
508
518
520
527
523
524
537
539
532
514
496
515
532
520
501
495
494
494
487
470
448
488
526
514
493
487
487
489
485
462
467
526
528