741
717
720
725
729
729
714
693
674
639
609
604
627
655
667
673
668
663
655
648
644
646
645
649
648
637
632
637
664
696
710
718
745
775
809
831
844
860
878
895
903
908
916
908
894
880
876
879
880
865
860
882
907
914
914
914
912
901
889
877
864
849
848
852
860
869
888
906
910
897
878
870
860
822
753
702
694
729
785
831
859
874
880
880
876
879
883
889
885
893
897
898
897
905
914
921
917
915
922
925
918
907
903
895
885
866
843
826
809
787
786
795
795
792
798
807
818
828
840
848
865
874
891
901
898
897
894
889
884
874
856
842
824
796
762
732
709
692
673
657
639
628
626
624
620
616
605
598
592
597
601
606
616
628
642
660
676
685
692
691
681
674
677
684
690
691
687
688
687
687
701
694
689
680
674
665
654
645
646
640
629
625
627
627
618
617
610
596
584
576
566
559
556
554
555
555
559
570
581
585
579
578
580
569
522
468
433
450
474
496
501
506
508
513
517
523
525
532
533
531
528
541
559
571
582
596
609
620
626
625
626
633
632
621
609
606
607
616
632
646
657
669
674
682
681
686
692
694
694
694
692
694
692
691
690
694
696
697
706
712
725
739
745
744
754
770
778
790
805
811
807
802
806
816
823
825
835
850
866
878
885
877
856
852
859
860
856
854
856
874
893
905
918
934
955
984
1006
1024
1024
1024
1024
1024
1024
1024
1024
1024
1024
1024
1024
1024
1024
1024
1024
1024
1024
1024
1024
1024
1024
1024
1024
1024
1024
1024
1024
1024
1024
1024
1024
1024
1024
1024
1024
1024
1024
1024
1024
1024
1024
1024
1024
1024
1024
1024
1024
1024
1024
1024
1024
1024
1024
1024
1024
1024
1024
1024
1024
1024
1024
1024
1024
1024
1024
1024
1024
1024
1024
1024
1024
1024
1024
1024
1024
1024
1024
1024
1024
1024
1024
1024
1024
1024
1024
1024
1024
1024
1024
1024
1024
1024
1024
1024
1024
1024
1024
1024
1024
1024
1024
1024
1024
1024
1024
1024
1024
1024
1024
1024
1024
1024
1024
1024
1024
1024
1024
1024
1024
1024
1024
1024
1024
1024
1024
1024
1024
1024
1024
1024
1024
1024
1024
1024
1024
1024
1024
1024
1024
1024
1024
1024
1024
1024
1024
1024
1024
1024
1024
1024
1024
1024
1024
1024
1024
1024
1024
1024
1024
1024
1024
1024
1024
1024
1024
1024
1024
1024
1024
1024
1024
1024
1024
1024
1024
1024
1024
1024
1024
1024
1024
1024
1024
1024
1024
990
951
880
786
701
642
632
642
657
674
676
680
691
690
664
626
584
543
500
460
428
388
358
336
306
267
235
208
185
150
115
87
62
49
42
34
22
15
15
15
15
15
15
15
15
15
15
15
15
15
15
15
15
14
15
15
15
15
15
15
15
15
15
15
15
15
14
15
15
15
15
15
15
15
16
15
15
15
15
15
15
15
15
15
15
15
15
15
15
15
15
15
15
15
15
15
15
15
15
15
15
15
15
15
15
15
15
15
15
15
15
15
15
15
15
15
15
15
15
15
15
15
15
15
15
15
15
15
15
15
15
15
15
15
15
15
15
15
15
15
15
15
15
15
15
15
15
15
15
15
15
15
15
15
15
15
15
15
15
15
15
15
15
15
15
15
15
15
15
15
15
15
15
15
15
15
15
15
15
15
15
15
15
15
15
15
15
15
15
15
15
15
15
15
15
15
15
15
15
15
15
15
15
15
15
15
15
15
15
15
15
15
15
15
15
15
15
15
15
15
15
15
15
15
15
15
15
32
82
145
234
318
385
428
466
508
541
561
572
567
548
505
436
375
337
301
273
255
237
229
211
210
216
213
201
199
181
171
171
159
151
158
161
168
176
178
185
181
174
171
171
170
177
197
218
235
236
249
267
268
262
259
261
267
280
306
326
331
328
313
301
309
316
322
321
321
334
350
365
382
402
421
446
471
487
505
525
535
534
532
546
552
518
485
466
494
545
595
624
625
624
624
626
627
628
629
633
637
644
657
677
711
745
766
802
826
849
867
878
882
898
916
930
934
939
946
948
956
974
980
966
961
960
945
937
919
915
906
900
884
864
848
835
817
804
800
796
787

