795
800
810
814
814
813
811
810
812
812
812
808
801
796
793
787
784
778
775
776
776
778
781
781
782
781
781
782
781
777
777
781
784
794
805
817
843
883
928
925
854
778
742
745
768
787
797
800
795
793
793
794
796
797
798
799
799
798
799
796
798
801
801
800
801
802
804
806
809
810
812
812
812
816
819
820
821
824
823
824
825
825
824
828
830
826
824
822
823
821
817
811
806
805
805
801
797
797
795
795
794
792
794
793
793
796
797
796
797
797
797
797
795
795
794
797
797
800
797
795
795
795
795
793
787
790
793
776
774
786
792
753
742
753
800
801
793
794
793
793
796
797
796
797
797
797
797
795
795
794
797
797
800
797
795
795
795
795
793
787
790
793
776
774
786
792
753
742
753
800
801
793
806
801
795
797
776
764
774
774
778
806
794
792
788
787
781
798
802
801
789
793
802
807
807
812
812
813
805
794
816
833
826
812
807
828
845
829
821
809
800
799
811
835
825
753
607
540
614
705
752
762
766
773
751
758
782
817
811
848
905
939
918
854
794
732
705
718
749
753
786
801
796
810
798
784
808
801
772
780
799
787
773
764
772
765
763
783
782
776
761