795
800
810
814
814
813
811
810
812
812
812
808
801
796
793
787
784
778
775
776
776
778
781
781
782
781
781
782
781
777
777
781
784
794
805
817
843
883
928
925
854
778
742
745
768
787
797
800
795
793
793
794
796
797
798
799
799
798
799
796
798
801
801
800
801
802
804
806
809
810
812
812
812
816
819
820
821
824
823
824
825
825
824
828
830
826
824
822
823
821
817
811
806
805
805
801
797
797
795
795
794
792
794
793
793
796
797
796
797
797
797
797
795
795
794
797
797
800
797
795
795
795
795
793
787
790
793
776
774
786
792
753
742
753
800
801
793
794
793
793
796
797
796
797
797
797
797
795
795
794
797
797
800
797
795
795
795
795
793
787
790
793
776
774
786
792
753
742
753
800
801
793
806
801
795
797
776
764
774
774
778
806
794
792
788
787
781
798
802
801
789
793
802
807
807
812
812
813
805
794
816
833
826
812
807
828
845
829
821
809
800
799
811
835
825
753
607
540
614
705
752
762
766
773
751
758
782
817
811
848
905
939
918
854
794
732
705
718
749
753
786
801
796
810
798
784
808
801
772
780
799
787
773
764
772
765
763
783
782
776
761
760
760
750
759
765
757
790
775
766
784
783
752
762
786
800
818
825
812
811
797
805
801
801
811
810
776
777
808
796
783
777
789
801
766
797
813
787
781
798
799
834
841
812
780
765
822
855
824
800
832
842
824
829
821
810
806
800
804
812
819
816
812
807
792
814
829830
830
806
830
842
835
824
820
831
840
835
830
829
831
824
830
822
813
823
826
824
814
814
836
834
832
833
838
846
852
850
843841
841
834
834
831
830
821
811
802
805
802
799
800
797
794
798
792
786
793
794
793
797
805
811
824
845
878
917
917
846
771
733
728750
766
772
776
777
778
773
772
773
775
775
775
776
776
777
781
782
784
783
788
793
790
787
786
790
794
794
794
798
805807
808
812
814
817
818
822
824
824
826
830
826
824
821
816
814
811
802
798
794
790
790
788
785
787
787
784
784
787
794785
781
782
781
776
775
784
788
783
782
780
783
784
784
781
782
785
785
783
781
778
776
776
777
778
777
777
781
781
783
782784
781
781
783
785
790
788
785
784
787
787
785
784
787
789
789
792
794
794
794
797
805
811
816
821
824
822
824
822
823
825
822
813
805
799
797
793
792
787
788
792
794
790
788
788
787
788
794
794
800
800
813
841
866
902
939
926
857
790
754
746
763
784
799
805
805
806
802
801
804
804
805
809
811
808
805
805
807
808
809
809
808
812
817
816
814
814
816
824
824
821823
825
830
832
834
840
835
838
834
834
838
840
835
833
832
832
831
824
819
816
811
806
806
801
804
801
797
801
799
799
806
799
797
795
795
797
798
796
797
798
795
795
796
799
801
798
794
793
795
796
793
795
794
794
796
800
806
812
816
820
819
816
813
814
821