801
800
799
800
799
796
797
797
797
797
797
797
801
801
800
799
800
800
801
804
805
802
804
804
800
799
798
801
801
802
800
801
801
800
801
801
800
798
797
798
800
800
802
805
811
821
824
826
830
826
825
823
822
824
822
812
806
801
794
789
787
787
786
785
785
787
787
786
787
790
790
790
792
801
820
840
867
901
940
928
854
777
742
747
773
793
800
800
799
800
801
801
800
800
804
805
805
805
807
805
805
807
807
807
808
810
810
811
813
814
814
813
814
818
821
822
823
823
824
824
824
824
826
830
826
828
826
823
821
820
817
814
813
809
805
802
804
800
801
801
800
799
801
800
802
801
800
800
801
800
799
800
800
799
802
806
805
804
806
806
805
802
802
801
801
805
806
804
802
801
800
800
802
804
801
801
800
800
804
809
820
824
824
825
824
824
824
824
824
820
812
805
798
794
788
786
785
784
784
784
784
782
782
781
781
782
784
786
798
813
834
864
902
933
900
821
758
736
748
772
790
796
795
794
794
795
795
796
798
799
798
800
801
802
802
800
800
802
806
807
806
807
807
809
811
812
812
812
814
817
819
821
820
821
822
823
823
824
824
825
824
822
819
817
813
810
809
807
806
802
799
798
797
795
795
794
794
794
794
795
795
794
795
796
796
795
795
797
797
797
797
798
798
798
796
797
797
797
797
795
795
795
797
797
797
796
795
794
795
796
797
796
795
795
794
795
795
794
794
795
797
801
811
817
818
820
818
820
820
817
820
819
811
802
795
792
786
785
783
784
783
782
784
785
785
785
785
786
786
787
795
808
824
854
894
928
917
847
777
747
747
768
787
797
797
798
797
797
798
798
797
799
802
801
800
799
804
805
805
804
805
805
806
806
807
807
810
812
813
814
816
818
819
819
818
820
824
824
824
824
826
825
824
824
822
821
820
814
808
804
801
800
799
799
795
796
797
796
795
797
795
800
801
798
798
798
800
799
800
798
800
796
799
806
805
799
798
801
800
800
797
801
794
794
795
795
797
794
793
795
797
796
793
794
792
793
794
794
794
797
796
798
807
814
820
825
822
819
819
819
820
821
819
810
804
801
795
792
785
785
787
792
787
786
787
790
788
785
787
788
789
797
816
835
864
904
934
905
826
773
746
750
772
790
797
798
796
794
796
798
801
798
800
802
800
801
802
804
804
800
802
804
806
806
805
806
809
810
813
814
814
817
820
824
822
819
820
825
831
829
829
829
821
824
828
822
813
814
819
812
804
802
800
800
801
801
798
795
793
794
797
793
793
796
795
797
793
795
794
796
798
800
795
795
798
800
799
796
794
795
796
796
795
794
794
795
793
795
792
792
792
794
797
795
799
807
812
812
822
824
821
821
820
821
819
812
804
794
790
788
787
784
780
782
784
784
784
783
787
784
784
786
787
795
809
830
858
898
939
934
870
798
750
737
752
775
788
794
790
790
796
796
794
794
794
795
795
798
800
801
802
802
798
800
802
804
806
805
809
807
809
812
809
809
812
812
813
813
817
818
817
816
817
816
816
817
811
811
811
812
816
814
808
806
805
802
801
799
799
799
800
800
798
800
801
800
798
800
800
800
801
804
801
798
801
802
801
802
802
801
801
800
798
798
799
799
802
805
804
801
802
806
811
821
825
829
831
826
825
824
829
826
820
813
804
797
796
792
786
789
787
787
785
787
786
788
788
792
793
790
793
807
824
846
876
915
943
904
826
764
742
754
776
792
800
800
798
800
801
800
801
804
805
806
807
807
807
806
805
805
806
806
810
811
809
811
812
812
813
817
818
817
819
820
820
821
822
823
824
822
824
826
829
824
821
819
816
817
817
814
807
804
806
804
802
802
801
801
795
794
794
796
800
800
797
799
795
798
800
800
800
804
804
801
802
802
800
801
800
797
801
802
798
794
795
796
795
792
793
794
797
795
792
792
795
797
801
812
818
821
820
819
816
813
813
817
818
807
800
794
786
784
783
782
785
783
777
778
777
776
778
778
781
782
782
793
809
829
858
888
920
897
825
764
739
746
768
784
787
790
792
790
787
788
794
794
796
796
795
795
795
798
797
795
796
798
802
805
802
805
802
808
809
809
812
811
811
814
814
818
816
818
821
822
820
821
822
821
825
821
813
812
810
806
804
805
802
796
795
793
790
793
793
792
793
792
793
790
793
792
793
796
796
796
796
795
795
794
794
793
793
793
792
794
793
789
788
789
790
792
793
792
790
788
792
793
790
788
788
788
790
790
792
795
794
798
807
813
816
820
819
819
816
814
814
817
811
798
793
790
785
781
781
781
777
777
781
782
777
782
781
781
782
786
792
805
820
838
871
910
928
876
797
749
741
759
782
793
795
795
792
790
792
797
798
797
798
799
801
802
801
802
804
805
805
809
811
807
806
812
810
811
813
813
813
817
817
819
822
822
822
824
825