804
812
825
828
817
820
825
825
822
822
821
824
822
817
813
804
793
797
805
805
788
795
792
795
798
793
789
788
788
790
794
792
793
792
783
795
798
790
788
786
788
796
793
786
801
801
793
792
782
786
786
790
786
793
787
787
796
805
800
806
822
823
825
825
822
823
820
822
806
792
784
770
769
776
782
778
774
772
769
778
776
771
766
766
788
788
797
805
811
832
893
925
885
807
753
740
748
772
794
795
795
787
790
787
790
790
787
785
787
793
801
793
783
796
797
795
797
801
805
802
798
795
795
799
800
814
813
802
805
813
819
817
819
814
823
828
822
820
821
821
820
805
811
819
806
802
797
800
795
787
788
794
793
788
782
777
799
800
787
790
788
792
795
793
792
795
797
797
794
790
792
796
801
800
790
790
798
797
783
790
798
800
793
792
794
797
787
792
794
805
811
814
820
821
821
822
817
833
831
813
801
793
793
786
781
778
771
778
788
784
774
775
773
776
780
780
777
774
793
800
814
850
892
930
906
832
768
747
754
768
787
794
788
789
793
783
792
795
802
802
795
793
794
799
805
802
795
790
805
798
805
811
806
804
806
801
812
821
821
814
811
813
821
826
826
822
820
817
817
828
833
821
824
824
819
814
811
807
807
798
792
796
801
801
793
787
782
797
800
796
790
793
800
792
785
793
793
783
799
805
797
792
800
802
801
800
797
789
793
795
785
800
806
795
795
794
787
797
795
794
797
796
796
801
802
809
812
819
833
830
821
831
833
826
813
799
786
781
790
789
786
780
774
787
786
778
773
773
778
784
786
782
786
797
797
824
861
904
934
893
813
763
742
754
777
793
792
778
793
800
792
795
795
793
788
796
800
793
800
806
801
800
798
798
800
807
810
805
811
805
805
807
813
816
816
814
804
808
824
828
821
830
834
834
830
825
823
822
820
820
813
805
799
805
800
802
799
781
795
806
801
798
793
794
794
793
796
795
795
795
793
794
798
788
793
801
790
794
801
800
799
795
792
790
790
790
792
794
795
794
792
783
788
792
793
794
790
793
792
797
795
802
811
821
821
816
822
825
823
825
825
810
795
789
784
786
782
781
777
778
776
778
773
782
778
771
777
785
785
785
794
812
840
867
908
920
860
786
745
740
766
781
792
790
788
792
793
797
793
794
785
781
797
804
795
795
797
793
794
802
808
800
796
797
801
806
807
804
796
799
816
810
813
820
812
813
821
824
822
814
812
821
819
814
820
813
794
807
816
802
797
800
797
788
790
796
785
783
786
782
786
797
798
790
776
796
794
789
796
800
794
787
793
797
797
794
798
798
794
797
794