793
797
798
786
783
778
786
799
809
810
808
793
798
816
811
834
833
820
819
831
821
796
821
806
801
786
763
778
789
786
780
780
784
780
784
786
793
811
873
1024
1024
1024
833
685
663
739
802
817
821
820
789
783
810
795
794
796
794
785
814
821
818
802
786
801
800
809
823
801
800
809
823
817
812
817
821
830
844
830
807
808
807
823
836
847
867
868
858
856
883
855
841
861
830
809
829
816
818
807
784
792
793
774
766
793
789
794
784
778
783
783
787
795
787
782
778
782
780
775
774
772
786
801
819
810
810
805
806
830
845
832
802
780
782
766
770
793
770
752
758
784
775
746
713
741
797
837
964
1024
1024
933
748
682
696
757
773
786
794
778
763
782
775
775
782
776
768
776
785
798
782
776
768
776
785
798
804
811
783
785
805
813
810
833
806
780
796
826
805
775
785
814
819
806
805
820
811
790
808
830
848
840
814
818
821
816
818
814
807
802
804
809
793
778
775
776
771
761
762
786
797
812
812
818
824
833
831
830
835
840
846
845
847
854
858
856
868
869
870
856
832
826
813
804
793
792
790
786
786
786
782
786
790
801
821
872
1024
1024
1024
883
748
729
762
793
810
811
811
824
833
836
831
831
832
834
833
832
828
834
856
843
834
834
835
821
823
820
802
809
806
798
802
806
802
799
804
811
804
798
802
807
790
798
809
805
794
805
807
797
806
823
821
814
808
797
807
805
799
799
792
780
768
758
748
741
742
742
737
735
735
740
741
739
742
742
738
738
740
733
739
748
752
765
785
798
798
805
817
820
814
805
797
789
783
776
778
773
776
781
777
773
773
770
764
772
829
991
1024
1024
861
705
664
712
762
786
792
788
786
786
792
794
793
798
800
798
796
805
805
804
804
811
811
809
810
817
816
813
813
817
820
822
822
818
811
806
802
798
788
781
783
783
780
781
790
804
808
805
808
819
821
813
806
797
785
778
774
774
769
768
762
760
763
763
752
740
760
836
986
1024
1024
888
716
662
694
742
766
768
766
763
760
761
766
769
768
768
773
782
785
783
783
782
782
783
792
795
792
789
793
800
805
809
804
800
797
800
805
804
802
808
812
809
810
813
817
810
806
801
798
790
785
784
780
775
776
776
771
765
766
774
777
775
775
777
774
774
781
783
780
773
777
787
797
806
813
811
810
818
820
812
795
787
784
776
769
770
774
768
761
764
769
758
739
750
813
931
1024
1024
975
747
651
684
732
757
766
764
758
749
761
766
763
760
765
769
768
764
770
772
768
769
773
774
777
777
783
785
783
784
785
788
792
794
795
793
794
802
806
804
801
806
807
801
799
798
797
789
783
780
772
764
761
764
760
754
754
756
751
749
750
760